Name                                                     Stmts   Miss  Cover   Missing
--------------------------------------------------------------------------------------
src/__init__.py                                              0      0   100%
src/affectedness/__init__.py                                 0      0   100%
src/affectedness/affectedness_adjudicator.py               196     23    88%   69, 75, 89, 97, 108, 111, 135, 141-142, 146, 188, 209, 253-254, 351, 404-405, 424-427, 435, 440-441
src/affectedness/affectedness_engine.py                    266     27    90%   155, 171, 229, 259, 270, 280, 372, 428, 615, 843, 868, 917, 942, 1004, 1145, 1190, 1207, 1216, 1226-1229, 1241, 1260, 1266, 1271-1272, 1286, 1308
src/affectedness/canonical_adapter.py                      247     48    81%   41, 49, 60, 95, 97, 125, 135, 199-215, 228, 237, 298, 300, 302, 304, 317-320, 331, 361, 396, 402-403, 417, 419, 429, 549, 684, 686, 688, 690, 692, 695-696, 702-707, 721-727
src/affectedness/versioning.py                             105     20    81%   71-72, 83, 90, 93, 98, 152, 167, 205, 208, 214, 217, 239, 261, 296-305, 330
src/assurance/__init__.py                                    0      0   100%
src/assurance/compound_attack_assurance.py                 208     32    85%   55-57, 71-94, 137, 185, 190, 195, 204, 209, 213, 218, 222, 274, 387-388, 515, 644-673
src/assurance/fairness_robustness.py                       327     44    87%   66, 72, 79, 89, 137, 143, 182, 191, 265, 283, 298, 313, 745, 754, 764, 770, 1263, 1291, 1297, 1307, 1317, 1327, 1420, 1453, 1467, 1501, 1774, 2114-2120, 2144-2161, 2168-2208
src/assurance/hostile_input_assurance.py                   339    158    53%   69-73, 79, 84-86, 96-116, 141, 144, 172, 185-196, 232, 310-317, 320-327, 330, 335, 340, 348, 353, 358, 363, 366, 369, 374, 379, 382, 385-392, 396, 401, 432, 454, 470, 483-493, 500-502, 505-513, 521, 527, 530, 538-540, 543-547, 557-566, 574, 602-604, 607-630, 644, 647-654, 671, 686, 698-699, 717-720, 723-833
src/assurance/metamorphic_assurance.py                     224     97    57%   32-36, 40-42, 46-48, 62-83, 134, 141, 170, 217, 222, 227, 229, 239, 243, 249, 255-281, 334, 496-783, 790-815
src/assurance/policy_assurance.py                          263    103    61%   166, 187, 192, 206-220, 227-244, 267-268, 277, 286, 291, 302-320, 323, 350-356, 363-369, 382-637, 806, 822, 1418-1455
src/assurance/policy_mutation.py                           405     71    82%   80-88, 101, 106, 113, 135-162, 209-210, 215, 223, 228, 235-248, 251, 264, 283, 323, 334, 350-355, 714, 886, 893, 900, 903, 907, 912, 923, 939, 944, 986, 1031, 1137, 1166, 1171, 1333, 1356-1458
src/assurance/resilience_assurance.py                      364     24    93%   106, 113, 123-125, 139, 141, 144, 200, 205, 208, 211, 215, 220, 224, 228, 357, 629, 744, 859, 916, 939-941
src/assurance/supply_chain_assurance.py                    413     24    94%   121-124, 132-134, 140, 163, 166, 171, 189, 194, 197, 200, 202, 207, 209, 213, 216, 755, 924-926
src/assurance/tamper_assurance.py                          551     36    93%   62, 73, 76, 84-86, 96-115, 140, 251, 287, 307, 321, 338, 417, 438, 441, 444, 446, 448, 454, 987, 1008-1009, 1022-1023, 1053-1054, 1065, 1067
src/assurance/temporal_assurance.py                        307     47    85%   72, 77-79, 93-120, 171, 224, 229, 234, 255, 259, 264, 268, 272, 451, 517, 591, 622, 677, 689, 732-733, 776, 779, 931-969
src/decision_features/__init__.py                            2      0   100%
src/decision_features/feature_envelope.py                  445     56    87%   65, 78, 81, 89, 102, 107, 113-114, 118, 127, 131, 149, 166, 170, 175, 210-220, 242, 251, 255, 265, 352, 372, 427, 516, 521, 528-533, 591, 622, 727, 733, 736, 792, 806, 834, 901-903, 953, 1392-1396, 1434, 1439
src/decision_policy/__init__.py                              2      0   100%
src/decision_policy/ssvc_contract_assurance.py             166      4    98%   101-102, 108-109
src/decision_policy/ssvc_engine.py                         314     41    87%   61, 74, 85, 93-97, 102, 106-107, 111, 120, 124, 171, 216, 218, 261, 271, 323, 345, 403, 446, 496, 499-504, 506, 542, 563, 576, 637, 661, 663, 665, 708, 765, 1045
src/domain/__init__.py                                       0      0   100%
src/domain/decision_hashing.py                              38      3    92%   62, 76, 81
src/governance/__init__.py                                   0      0   100%
src/governance/audit_continuity.py                         116     18    84%   29, 31, 35, 39, 97, 122-123, 153-154, 160, 164, 223-229
src/governance/evidence_trust_engine.py                    396     40    90%   113, 117, 185, 200, 242, 250, 276, 281, 292, 302, 565-566, 575-576, 624, 641, 666, 728, 779-780, 951, 971, 1008, 1023, 1048, 1114, 1198, 1299, 1383, 1402, 1446, 1459-1463, 1466, 1471, 1481, 1490, 1497, 1502
src/governance/provenance_verifier.py                      189     36    81%   68, 111-112, 119, 123-124, 130, 133, 135, 141, 157, 185, 196, 218, 249-258, 261-269, 273, 304-312, 317-325, 327-335, 350, 352, 366, 368, 407-415, 431, 442, 450, 460
src/governance/recovery_checkpoint.py                      190     29    85%   48, 52, 54, 64, 175, 194, 227, 247, 250-251, 269-281, 284, 294, 314-330, 348, 383-384, 390
src/governance/release_integrity.py                        205     29    86%   77, 80, 83, 96, 101, 111-112, 123, 157, 169-177, 180, 224-232, 258, 270-278, 284, 295, 331, 334-335, 349, 396, 407-415, 418-426, 436
src/governance/resilience_guard.py                         200     42    79%   72, 80, 93, 125, 146, 148, 152, 159, 170, 174, 189-190, 206-211, 265-267, 283-284, 289, 291, 474-493, 507-514, 562-570
src/governance/supply_chain_guard.py                       261     35    87%   124, 127, 133, 138, 141-142, 148, 151, 154, 175, 179-187, 207-215, 220-229, 233, 268, 370, 379, 442, 466, 479, 523, 568, 580-588, 593-601, 604-612, 639-647, 650
src/governance/temporal_guard.py                           214     13    94%   50, 80, 107, 111, 115, 122, 173, 180, 185, 232, 326, 457, 695
src/ingestion/__init__.py                                    0      0   100%
src/ingestion/package_json_parser.py                        36      6    83%   21, 23, 35, 39, 45, 50
src/ingestion/requirements_parser.py                        65      9    86%   21, 32, 49, 66, 72-89, 102, 127-128
src/ingestion/vulnerability_feature_parser.py               37      2    95%   67, 84
src/intelligence/__init__.py                                 0      0   100%
src/intelligence/canonical_intelligence.py                 219     32    85%   65-69, 80-85, 122-123, 207, 472-495, 540-541, 784, 830-831, 840-841, 848, 855, 865, 867
src/intelligence/cisa_kev_client.py                         51      9    82%   23, 36, 41, 45, 51, 56, 62, 67, 109
src/intelligence/epss_client.py                             69     17    75%   22, 24, 27, 34-35, 51, 56, 63, 68, 72, 79, 84-85, 90, 109-110, 137
src/intelligence/field_provenance.py                        38      5    87%   27, 29, 44, 46, 68
src/intelligence/nvd_client.py                              55      9    84%   22, 24, 37, 45, 49, 57, 62, 71, 115
src/intelligence/official_source.py                        233     47    80%   123, 138, 144, 162, 170-176, 181-182, 187-188, 192, 203-206, 233, 235, 237, 239, 241, 257, 259, 272, 288-289, 314-322, 338, 418-422, 478-479, 489, 500-501, 505, 517
src/intelligence/osv_client.py                             120     30    75%   27, 46, 48, 50, 59, 83-86, 90-92, 122, 157-158, 165, 168, 171, 179, 185-186, 213-220, 236-260
src/intelligence/osv_official_client.py                     39      6    85%   16, 19, 23, 28, 52, 80
src/intelligence/source_correlation.py                     349     75    79%   56-58, 80, 88, 95-96, 99-100, 102, 115, 117, 119, 121, 125, 129, 138, 149, 155, 157, 179, 185, 191, 195, 199-212, 217, 224, 227, 249, 269, 274, 276, 281, 329, 333, 336, 375, 379, 396-397, 399, 416, 422, 436-444, 446, 465, 472-483, 497-500, 528, 546, 598-605, 631, 636, 691
src/ml_advisory/__init__.py                                  2      0   100%
src/ml_advisory/agreement.py                                16      1    94%   23
src/ml_advisory/dataset.py                                 135     13    90%   40, 56, 63, 68, 83, 92, 195, 204, 252, 305, 309, 329-330
src/ml_advisory/governance.py                              281     41    85%   48, 54, 60, 68-69, 73, 84, 88, 96, 101, 103, 147, 152, 176, 194, 208, 212, 220, 240, 246, 270, 274, 289, 293, 300, 314, 349, 353, 384, 435, 513, 535, 557, 566, 572, 589, 593, 603, 612, 622, 653
src/ml_advisory/inference.py                                47     47     0%   1-88
src/ml_advisory/synthetic.py                               121      3    98%   51, 68, 119
src/ml_advisory/training.py                                108    108     0%   1-236
src/normalization/__init__.py                                0      0   100%
src/normalization/strict_parsing.py                        304     77    75%   84, 95-102, 115, 140, 183, 271, 274, 282-298, 309, 352-365, 388, 391, 403, 406, 418-419, 441-442, 458, 493-508, 518, 522, 525, 537, 540, 552-553, 564, 584-616, 659, 663, 666, 676, 684, 707-708, 737, 741, 744, 753-763, 823, 842, 856, 914, 917, 928, 1010, 1030, 1032, 1052, 1059, 1075, 1092
src/policy/__init__.py                                       0      0   100%
src/policy/policy_floor_engine.py                          358     54    85%   60, 124, 192, 209, 270, 286, 342, 368, 374, 382, 389, 415, 420, 425, 435, 440, 451, 465, 482, 504, 519, 532, 925, 1029, 1038, 1047, 1053, 1056, 1059, 1062, 1065, 1068, 1071, 1076-1085, 1324, 1334, 1356, 1379-1391, 1408-1410, 1436-1442, 1455-1456, 1471
src/presentation_demo/__init__.py                            2      0   100%
src/presentation_demo/command_center_data.py                82     82     0%   3-282
src/presentation_demo/inventory.py                         101     19    81%   89, 97-98, 113, 128, 142, 147, 162, 169, 178, 185, 196, 241, 246, 251, 256, 261, 266, 280
src/presentation_demo/live_intelligence.py                 157     37    76%   80-85, 101, 108, 196, 230, 237, 242, 257, 307-357, 371, 388, 396, 431, 444, 451, 471, 500
src/presentation_demo/real_benchmark_data.py               145     99    32%   53, 62, 66-75, 79-86, 95-129, 137-239, 251-299, 312-372, 383-399, 496-633
src/presentation_demo/real_model_benchmark.py              162     98    40%   99-113, 216, 357-377, 456-515, 523-567, 575-618, 639-1142
src/presentation_demo/sqlite_analytics.py                  257     49    81%   49, 100, 123-126, 142-143, 146, 151, 168, 187, 201-234, 270-277, 432, 435, 471, 485, 508, 658, 791, 807-808, 825-826, 914, 1154, 1237, 1252, 1278-1286
src/presentation_demo/threat_enrichment.py                 199     38    81%   57-62, 78, 81, 92, 100, 107, 128, 150, 175, 182, 190, 195, 198, 263, 268, 275, 288, 293, 298-303, 308, 313, 374, 377-378, 381-389, 392-393, 508, 518, 533
src/presentation_demo/xai_analysis.py                      175     14    92%   88, 140, 148, 156, 170, 205, 271, 279, 312, 325, 674, 696, 704, 714
src/prioritization/__init__.py                               0      0   100%
src/reporting/__init__.py                                    0      0   100%
src/sector_intelligence/__init__.py                          0      0   100%
src/validation/__init__.py                                   0      0   100%
src/validation/asset_context_validator.py                  108     16    85%   38, 70, 119-142, 187, 221, 335, 353, 384, 413
src/validation/decision_record_validator.py                232     19    92%   61, 98, 178, 186, 312-322, 341-349, 352-361, 383, 626, 640, 652, 729, 783, 797, 838
src/validation/evidence_schema_validator.py                 97     16    84%   38, 68, 114-136, 191, 227, 237, 272, 284, 317
src/validation/input_validator.py                           54     54     0%   1-93
src/validation/vulnerability_intelligence_validator.py     197     37    81%   42, 75, 128-154, 208, 216, 227, 252, 273, 286, 304, 329, 353, 415-428, 510, 532, 572, 586, 598, 630, 660, 697, 711, 737, 793, 796, 799, 802
--------------------------------------------------------------------------------------
TOTAL                                                    11604   2269    80%
